test/real/Boscastle/boscastle_square_20m.asc
ncols        300
nrows        150
xllcorner    209000.000000000000
yllcorner    89000.000000000000
cellsize     20.000000000000
NODATA_value -9999
[rows 84 to 125 of 150, columns 95 to 189 of 300]
179 178 177 176 175 173 171 168 168 171 172 173 174 175 176 177 177 178 178 179 179 180 179 179 180 180 180 179 177 176 172 174 174 174 173 171 167 162 155 149 144 138 133 127 119 128 138 147 154 160 165 170 173 176 178 180 183 185 187 189 190 191 192 193 193 194 193 193 192 191 189 188 187 186 183 179 172 164 156 147 141 134 127 118 114 125 135 144 152 160 167 170 172 173 174
182 181 180 179 177 176 175 173 173 175 176 177 178 178 179 180 181 181 182 182 182 183 184 184 184 184 184 183 183 182 181 181 180 180 179 177 175 170 163 157 152 146 140 134 125 126 135 145 153 160 167 172 176 179 182 185 187 189 191 193 195 195 196 197 196 197 197 196 195 195 194 192 192 190 187 184 179 170 163 156 149 141 135 128 120 119 129 138 147 157 166 168 169 170 170
185 185 184 183 181 179 178 177 177 178 179 180 181 182 183 184 184 185 185 185 186 187 188 188 189 189 189 188 188 188 188 187 186 185 184 183 181 177 170 163 158 153 147 140 132 124 133 144 152 160 168 174 179 182 185 189 192 194 196 197 198 198 199 200 200 200 201 201 200 199 198 197 195 194 191 187 184 178 172 165 157 149 142 137 130 122 124 130 145 156 162 168 168 167 166
188 188 187 186 185 183 182 181 180 182 183 184 185 186 187 187 188 189 189 190 191 191 192 192 193 193 193 193 193 193 193 193 192 191 189 188 186 182 176 169 163 157 151 145 138 128 131 141 151 160 168 175 180 185 189 193 196 199 201 202 203 203 204 204 205 205 205 205 204 202 201 200 198 196 194 191 187 185 181 174 165 157 151 146 139 133 127 123 135 144 154 160 162 163 160
191 191 190 189 189 187 186 185 184 186 187 188 189 190 191 192 192 193 195 196 197 197 197 197 199 199 199 199 199 198 198 198 198 197 195 192 191 187 181 173 167 161 155 150 142 133 130 139 150 160 167 175 182 188 192 196 200 203 205 207 208 208 208 209 208 209 209 208 207 205 204 203 201 199 197 194 191 189 187 184 175 167 159 153 149 142 135 126 124 133 140 141 141 145 148
195 195 194 193 192 191 190 189 189 190 192 193 194 194 195 196 197 198 200 201 201 202 203 204 204 204 204 205 205 204 204 204 203 202 200 197 195 192 186 179 171 165 159 152 145 136 132 141 152 160 168 176 184 190 195 199 203 206 209 211 212 212 212 212 212 212 212 211 210 209 207 206 205 202 200 198 196 194 192 190 184 177 170 162 155 149 143 135 128 128 133 140 146 154 161
198 198 197 196 195 193 193 192 193 195 196 197 198 199 200 201 202 203 204 204 206 206 207 208 209 208 209 209 210 210 209 209 208 207 206 203 199 196 191 184 176 170 163 155 148 138 134 143 152 162 170 177 185 192 196 201 206 209 212 214 215 215 215 216 216 215 215 214 213 212 211 209 208 206 205 203 201 199 197 195 192 186 179 170 164 156 151 145 138 129 138 150 157 164 170
201 201 200 199 198 197 196 195 196 198 200 202 203 203 204 205 207 207 208 209 210 210 211 212 213 214 214 214 214 214 214 214 213 212 210 208 204 199 195 189 181 173 166 158 150 141 135 144 153 162 171 178 186 192 198 203 208 212 215 217 218 219 219 219 218 218 218 217 215 215 214 212 211 210 208 207 205 204 202 200 197 193 187 179 171 164 161 154 146 137 131 151 162 169 175
204 204 203 203 202 201 200 199 200 202 204 206 208 208 209 210 211 212 213 213 214 215 216 217 218 218 218 219 219 219 219 218 218 217 214 212 209 204 199 193 185 177 171 161 153 145 136 146 153 163 172 181 188 194 199 205 210 214 217 220 221 222 222 221 221 221 221 220 219 217 216 215 213 212 211 210 209 208 206 204 201 198 194 187 181 175 169 166 156 145 135 143 156 167 176
207 206 206 206 205 205 204 203 203 206 209 210 212 214 214 215 216 216 217 218 219 220 221 221 222 222 223 223 223 224 223 223 222 221 219 216 212 208 203 197 189 181 173 165 157 149 141 147 154 163 174 182 189 195 200 206 211 216 220 222 223 224 224 224 224 224 223 223 222 220 219 218 216 215 214 213 212 211 210 208 205 202 198 194 189 184 178 171 161 153 143 142 155 164 174
208 209 209 209 208 208 208 208 209 212 213 214 216 218 219 220 220 221 221 222 223 224 224 225 226 226 227 227 228 228 227 227 226 225 222 220 217 212 207 201 193 185 178 169 160 152 144 146 154 164 173 183 190 196 202 207 213 217 221 224 225 226 227 226 226 226 226 225 224 225 222 221 219 218 217 216 215 214 212 211 208 206 203 200 196 191 187 177 169 161 149 145 154 162 175
211 211 212 212 213 213 212 213 215 217 218 219 220 221 223 224 224 225 226 226 227 227 228 229 230 230 231 232 232 231 231 230 229 228 226 223 220 216 209 204 197 189 180 172 163 155 147 145 155 164 173 183 192 198 203 208 214 219 223 225 227 228 228 229 229 228 228 228 227 226 225 223 222 221 220 219 219 217 216 214 212 210 207 203 202 195 190 184 176 167 151 143 153 164 178
214 215 216 217 217 218 217 218 220 221 223 223 224 224 226 227 228 228 229 229 230 231 232 233 234 234 235 235 235 235 234 234 232 231 229 226 223 219 213 206 199 192 184 174 165 156 149 147 157 166 174 183 192 200 205 210 216 220 224 227 229 230 230 231 231 230 230 229 229 229 227 226 225 224 223 222 222 221 219 217 216 213 210 207 203 200 194 188 180 160 146 147 155 167 182
217 218 219 220 221 221 221 222 223 225 226 227 227 227 228 229 230 231 232 233 233 234 235 236 237 237 237 237 238 237 237 236 235 234 232 229 226 222 215 208 200 194 187 177 167 158 149 149 158 167 176 185 193 201 208 212 217 222 225 228 230 231 232 233 233 232 232 231 231 230 230 229 228 226 226 225 225 224 223 221 219 216 214 210 206 200 192 182 169 156 146 151 160 171 186
220 221 222 223 224 224 224 225 226 228 229 230 231 231 231 231 232 233 234 234 235 237 237 238 239 239 239 240 240 239 239 238 237 236 234 232 229 224 218 210 202 195 189 179 170 159 151 151 160 169 178 187 195 203 210 214 218 223 226 229 231 233 234 235 235 234 234 233 233 232 232 232 231 230 230 229 229 228 226 225 222 219 217 213 207 198 189 179 165 153 149 157 166 178 189
223 224 225 226 226 227 227 228 229 230 232 233 234 234 234 234 234 235 235 236 237 238 239 240 240 241 241 241 241 241 241 240 240 238 236 234 230 226 220 213 203 196 190 179 170 161 152 153 161 171 180 188 197 204 211 216 220 223 227 231 233 235 236 237 237 237 236 236 235 235 234 234 234 233 233 233 232 231 229 228 226 223 218 215 206 197 187 175 163 152 154 162 173 186 195
226 227 228 229 229 229 229 230 231 233 234 235 236 237 237 237 236 236 237 238 239 240 240 241 242 242 243 243 243 243 243 242 241 240 238 235 231 227 221 215 206 198 190 180 171 162 152 156 164 173 181 190 198 205 211 217 222 225 228 232 234 236 238 238 239 239 238 238 237 237 237 237 237 237 236 236 235 234 233 231 229 225 221 213 206 195 185 172 160 152 159 171 182 192 199
228 229 230 231 231 231 231 232 233 234 236 237 238 239 239 239 239 238 239 239 240 241 241 242 242 243 244 244 245 245 244 243 242 241 238 235 232 228 224 217 210 200 189 181 173 163 154 157 165 174 182 191 200 206 212 218 223 227 230 233 235 238 239 240 240 240 240 240 240 239 239 239 240 240 240 239 238 238 236 234 232 228 222 214 203 194 182 170 159 156 165 177 188 197 203
230 231 231 232 232 233 233 233 234 236 238 239 240 240 241 241 241 241 241 241 241 242 242 243 243 244 245 246 246 246 245 244 243 241 239 236 233 229 224 217 209 200 190 181 173 165 157 156 166 174 183 192 201 208 212 219 224 228 232 234 236 239 240 242 242 242 242 242 242 242 242 242 242 243 242 242 241 240 239 237 234 230 222 213 205 195 183 171 158 161 172 186 193 200 205
231 232 233 233 234 234 234 235 236 237 238 240 241 242 242 243 243 243 243 242 242 243 243 244 244 245 246 246 246 246 246 245 243 241 238 236 232 229 224 217 209 202 191 182 174 166 160 157 165 174 184 192 200 208 215 220 225 229 233 236 238 240 242 243 244 244 244 244 244 244 244 245 245 245 245 245 244 242 241 239 237 232 224 216 207 196 186 173 158 169 180 189 196 203 208
232 233 234 235 235 236 236 237 237 239 240 242 243 244 244 245 245 245 245 244 244 244 244 245 245 246 247 247 247 247 247 245 243 241 239 236 232 229 224 217 209 202 194 183 175 167 160 158 165 175 185 193 201 210 216 221 226 230 233 237 239 241 243 244 245 245 246 246 247 247 247 248 248 248 247 247 246 245 243 242 239 236 228 219 208 201 188 177 164 170 183 190 197 204 209
233 234 235 236 237 237 237 238 239 241 242 243 244 245 246 247 247 247 246 246 246 246 246 246 246 247 247 247 247 247 247 246 244 241 239 236 233 229 224 217 210 202 195 186 176 168 162 160 166 177 186 194 203 211 217 222 227 231 234 238 240 241 244 246 247 246 247 248 248 248 249 250 250 250 249 249 248 247 246 244 241 237 230 221 213 203 192 182 170 173 182 190 198 204 210
234 235 236 238 238 239 239 240 242 243 244 245 246 247 248 248 248 248 248 248 248 248 247 247 248 248 248 248 248 247 247 246 244 242 239 236 234 230 225 218 210 202 195 187 177 169 163 161 167 177 187 196 205 212 218 223 228 232 234 237 240 243 244 246 247 247 249 249 250 250 251 252 252 252 252 251 250 249 248 246 244 240 233 224 215 206 197 187 175 169 181 189 196 203 210
235 237 238 239 239 240 241 242 244 245 246 246 247 248 249 249 250 250 250 250 250 250 249 249 249 249 249 249 248 247 247 245 244 242 240 237 234 230 225 218 210 202 196 187 177 169 163 163 170 180 189 198 207 215 220 224 229 232 235 238 240 243 245 246 248 249 249 250 251 252 253 254 254 254 253 253 252 251 250 248 246 242 237 228 219 210 202 192 183 174 178 186 195 202 208
237 238 239 240 241 241 242 243 245 246 247 248 248 249 250 250 251 251 252 252 252 252 251 251 250 250 250 250 249 248 246 245 244 242 239 237 234 230 225 217 209 203 196 187 177 169 164 164 173 183 192 202 210 216 221 225 229 233 236 238 241 243 245 247 248 249 251 252 253 254 255 255 255 255 255 254 253 253 252 250 248 245 240 232 224 215 206 198 188 180 174 182 195 200 208
238 239 240 241 242 242 243 245 246 248 248 249 250 250 251 251 252 253 253 253 253 253 253 252 251 251 251 250 249 248 247 245 244 242 239 237 234 230 225 215 209 203 196 186 177 169 165 168 177 186 196 205 213 218 223 227 230 234 237 239 242 244 246 247 249 250 252 253 254 255 255 255 255 255 255 255 255 254 253 252 250 247 242 235 229 219 211 203 194 185 176 180 189 196 203
239 240 241 242 242 243 244 246 247 248 249 250 251 251 252 252 253 254 254 254 254 254 254 253 253 252 252 251 250 249 248 246 244 242 239 236 234 230 222 214 209 203 194 184 176 169 166 173 181 190 199 208 215 220 225 228 231 234 238 241 243 245 246 248 250 251 253 254 255 255 255 255 255 255 255 255 255 255 254 253 252 249 245 239 232 224 216 208 199 191 182 176 184 192 200
240 241 242 243 243 244 245 247 248 249 250 251 251 252 253 253 254 254 255 255 255 255 255 255 254 253 252 252 251 250 248 246 244 242 239 236 232 227 221 214 208 201 193 184 177 172 167 175 185 194 203 212 218 223 227 230 233 236 239 242 244 246 248 249 251 252 254 255 255 255 255 255 255 255 255 255 255 255 255 254 253 251 248 243 236 229 221 213 205 197 188 178 179 188 197
241 242 243 243 244 245 246 247 249 250 250 251 252 253 254 254 255 255 255 255 255 255 255 255 255 254 253 252 252 250 249 246 244 242 239 235 231 226 219 213 207 199 191 185 180 172 172 182 191 200 207 215 221 225 228 231 235 238 241 243 245 247 248 250 251 253 254 255 255 255 255 255 255 255 255 255 255 255 255 255 254 252 250 245 240 234 225 218 210 202 194 186 180 185 193
241 242 243 244 245 246 247 248 249 250 251 252 252 253 254 255 255 255 255 255 255 255 255 255 255 255 254 253 251 250 248 246 244 241 237 234 230 223 217 211 205 197 190 185 177 172 182 188 197 205 211 217 222 227 230 233 236 240 243 245 246 248 250 251 252 253 254 255 255 255 255 255 255 255 255 255 255 255 255 255 254 253 250 247 242 237 230 222 214 207 199 191 182 181 190
242 243 244 245 246 247 248 249 250 251 252 252 253 254 255 255 255 255 255 255 255 255 255 255 255 255 254 253 252 250 248 245 242 239 236 233 227 221 214 208 201 194 188 179 173 182 189 196 204 209 214 219 225 228 231 234 238 242 244 246 248 250 251 252 253 254 254 255 255 255 255 255 255 255 255 255 255 255 255 254 253 252 251 247 244 240 234 226 220 210 203 195 189 182 187
243 244 245 247 247 248 249 250 251 252 252 253 254 254 255 255 255 255 255 255 255 255 255 255 255 255 254 254 252 250 247 244 241 238 235 230 224 218 212 205 197 190 182 176 182 190 197 203 209 213 217 221 226 230 233 236 240 243 245 247 249 251 252 252 253 254 255 255 255 255 255 255 255 255 255 255 255 255 255 254 252 251 249 247 244 241 236 229 223 216 206 199 192 185 183
244 245 247 248 249 249 250 251 251 252 253 254 254 255 255 255 255 255 255 255 255 255 255 255 255 255 254 253 252 250 247 243 240 237 234 228 222 216 210 202 195 187 178 186 192 198 204 208 212 215 220 223 227 231 235 238 241 244 246 248 250 251 252 253 254 254 255 255 255 255 255 255 255 255 255 255 255 255 253 253 251 249 248 246 243 240 236 232 226 219 210 202 194 187 183
245 246 247 248 249 250 251 252 252 253 254 254 255 255 255 255 255 255 255 255 255 255 255 255 255 255 254 253 251 250 247 244 241 236 231 225 219 213 208 200 193 183 185 194 200 206 209 212 214 217 221 225 229 233 236 239 242 244 246 248 250 252 252 254 254 255 255 255 255 255 255 255 255 255 255 254 254 253 252 251 249 247 246 244 242 239 236 233 229 222 214 206 197 190 186
246 247 248 249 250 251 252 252 253 254 254 255 255 255 255 255 255 255 255 255 255 255 255 255 254 254 253 252 251 249 247 244 241 236 229 222 216 211 205 198 189 182 191 198 206 210 213 214 217 219 222 226 231 234 238 240 243 245 247 249 250 252 253 254 254 255 255 255 255 255 255 255 255 255 253 253 252 251 250 249 248 246 245 243 241 239 236 232 229 224 218 210 203 195 189
246 248 249 250 251 251 252 253 253 254 255 255 255 255 255 255 255 255 255 255 255 255 255 254 254 253 252 251 250 249 247 245 241 235 229 222 214 209 203 195 186 188 196 204 210 213 215 217 219 221 224 228 232 235 238 241 244 246 247 249 250 252 253 253 254 255 255 255 255 255 255 254 254 253 252 251 251 250 249 248 247 245 244 242 240 238 235 232 228 226 221 215 209 200 192
247 248 249 250 251 252 253 253 254 254 255 255 255 255 255 255 255 255 255 255 255 255 254 254 253 253 252 251 250 248 247 244 240 235 230 223 214 208 201 193 187 193 201 208 212 215 217 219 221 224 227 230 233 237 239 242 245 247 248 249 250 252 252 253 254 254 255 255 255 255 254 254 253 252 251 251 250 249 248 247 246 244 243 241 239 237 235 232 229 225 221 218 212 204 196
248 249 250 251 252 252 253 254 254 255 255 255 255 255 255 255 255 255 255 255 255 255 254 253 253 252 251 250 249 248 246 243 239 235 230 223 215 206 199 191 188 196 203 210 213 216 218 221 223 225 228 231 234 237 241 243 245 247 248 249 250 251 252 253 254 254 254 254 254 254 253 253 252 251 251 250 249 248 247 246 245 243 242 240 239 237 235 232 230 227 223 219 214 208 199
248 249 250 251 252 253 253 254 254 255 255 255 255 255 255 255 255 255 255 255 254 254 254 253 252 252 251 250 249 247 245 242 239 235 230 224 214 207 200 192 190 198 205 210 213 216 219 222 224 226 228 231 234 238 241 244 245 247 248 249 250 251 252 253 253 253 254 254 253 253 252 252 251 250 250 249 248 247 246 245 244 242 241 240 238 236 234 232 230 227 224 220 215 209 199
249 250 251 251 252 253 253 254 254 254 255 255 255 255 255 255 255 255 254 254 254 254 253 252 252 251 250 249 248 246 245 242 239 234 230 224 216 209 202 193 191 199 205 210 213 217 220 222 224 227 229 232 235 239 242 244 245 247 248 249 250 251 252 252 253 253 253 253 252 252 251 251 250 249 248 248 247 246 245 244 243 241 240 238 237 235 233 231 229 227 224 220 214 208 200
249 250 251 252 252 253 253 254 254 254 254 255 255 255 255 255 255 254 254 254 253 253 253 252 251 250 249 248 247 246 244 241 238 233 229 224 217 210 203 194 191 197 204 210 214 217 220 223 225 227 230 232 236 239 242 244 245 247 248 249 250 251 252 252 252 252 252 252 252 251 250 249 249 248 247 246 246 245 244 243 241 240 238 237 236 234 232 230 228 225 221 218 212 204 199
250 250 251 252 252 253 253 253 254 254 254 254 254 255 255 254 254 254 253 253 253 253 252 251 251 249 248 247 246 245 243 240 236 232 228 224 218 210 204 196 193 199 204 210 214 218 221 223 226 228 230 233 236 239 242 243 245 246 248 248 250 250 251 251 252 252 252 251 251 250 249 248 247 247 246 245 244 244 243 242 240 238 236 235 234 232 231 228 225 222 219 214 207 201 193
