test/real/Boscastle/boscastle_square_20m.asc
ncols        300
nrows        150
xllcorner    209000.000000000000
yllcorner    89000.000000000000
cellsize     20.000000000000
NODATA_value -9999
[rows 0 to 41 of 150, columns 95 to 189 of 300]
50 51 56 59 60 63 62 60 61 67 73 79 84 92 100 104 106 107 107 107 107 107 107 107 107 107 106 107 107 107 110 113 116 118 121 123 125 127 129 131 133 134 135 136 137 139 140 141 142 143 146 147 149 149 149 150 151 151 152 152 153 154 156 158 160 161 162 163 164 165 166 167 167 168 168 169 170 171 172 173 174 174 176 177 178 179 180 181 182 183 184 184 185 186 187
57 56 53 54 55 56 57 64 70 77 84 91 96 103 110 109 109 109 110 109 109 109 109 109 109 109 108 109 109 110 112 113 115 118 120 123 125 127 129 131 133 135 136 137 138 139 140 142 143 145 147 149 150 150 150 151 151 152 152 153 153 154 155 157 158 160 161 162 163 164 165 166 166 167 167 168 169 169 170 172 173 174 176 175 177 179 179 180 181 182 183 184 184 185 186
66 65 64 63 62 62 66 72 80 88 95 103 108 112 113 113 112 112 112 112 112 112 112 112 112 112 111 111 112 112 113 114 116 118 120 122 124 126 128 131 133 135 136 135 138 140 141 143 144 145 147 148 150 150 150 151 151 152 152 153 153 154 155 156 157 158 159 160 161 162 163 164 165 165 166 167 168 169 170 171 172 173 174 174 175 177 178 179 180 181 182 183 184 185 185
78 77 75 74 73 72 74 81 88 96 103 112 113 114 114 114 114 114 114 114 114 113 114 114 114 114 113 113 113 113 114 114 115 117 119 121 123 126 128 130 132 131 137 138 140 141 142 143 144 145 146 148 149 149 150 150 151 152 152 152 153 154 155 155 156 158 159 160 161 161 162 163 164 165 166 167 167 169 170 171 172 172 174 174 175 176 176 178 179 180 181 182 183 184 185
88 87 86 84 83 83 83 88 97 108 111 112 114 115 115 115 115 115 115 115 116 116 115 116 116 116 115 115 115 115 115 115 116 118 119 121 123 126 128 128 132 134 137 138 140 141 142 143 144 145 146 147 148 149 149 150 150 151 152 152 153 154 154 155 156 157 158 159 160 161 162 163 164 164 165 166 167 168 169 170 171 172 173 174 174 175 176 177 178 179 180 181 182 183 184
97 97 96 94 93 92 92 96 105 110 112 113 114 115 115 115 116 116 117 117 117 117 117 117 117 117 116 116 117 116 116 117 117 118 119 121 123 126 127 130 132 134 136 137 139 140 141 142 143 144 145 147 148 148 149 149 150 150 151 152 152 153 154 155 156 157 158 159 160 160 161 162 163 164 165 166 167 168 169 170 171 171 173 174 174 175 176 177 178 178 179 180 181 182 183
99 100 101 102 102 102 102 103 107 110 112 113 114 115 116 116 116 117 118 118 118 118 118 118 118 118 117 118 118 118 117 118 118 119 120 121 123 125 128 130 132 133 135 136 138 139 139 140 141 143 144 145 147 147 148 148 149 150 150 151 152 153 154 155 156 156 157 158 159 160 161 162 163 163 164 165 166 167 168 168 170 171 172 173 173 174 175 176 177 177 179 179 180 181 182
101 102 103 104 105 106 107 108 109 111 112 113 114 115 116 116 117 118 119 119 119 119 119 119 119 119 118 119 119 119 119 119 119 120 120 124 123 125 127 129 131 133 134 135 136 137 138 139 140 141 143 144 146 146 147 148 148 149 150 151 152 153 154 154 155 156 157 158 159 160 160 161 162 163 164 165 166 166 167 168 169 170 171 172 173 173 175 175 176 177 178 179 180 181 182
102 103 105 106 107 108 109 110 110 112 113 114 115 116 116 117 118 119 119 120 120 120 120 120 120 120 120 120 120 120 120 120 121 123 123 123 124 125 126 128 130 132 133 134 135 136 137 138 140 141 142 143 145 146 146 147 148 149 150 151 152 153 153 154 155 156 157 158 159 159 160 161 162 163 163 164 165 166 167 168 169 170 170 171 172 173 173 175 176 176 177 178 179 180 181
102 104 106 107 108 110 111 111 112 113 114 115 116 116 117 118 119 120 121 121 121 122 121 121 121 121 121 122 122 122 123 123 123 123 124 124 125 126 127 128 129 131 132 133 134 135 136 138 139 141 142 143 144 145 146 147 148 149 150 151 152 152 154 154 155 156 157 158 159 159 160 161 162 162 163 164 164 165 166 167 168 169 170 170 171 172 173 174 175 176 177 177 178 180 180
103 105 106 108 109 110 111 112 113 114 115 116 117 118 118 120 121 122 122 122 123 123 123 123 123 123 123 124 124 125 125 126 125 125 126 125 126 127 127 128 129 130 132 133 134 135 136 138 140 141 142 143 144 145 146 147 148 149 150 151 152 153 154 154 155 156 157 158 158 159 160 161 161 162 163 163 164 165 166 167 167 168 169 169 170 171 172 173 174 175 176 177 178 179 180
104 106 107 108 110 111 112 113 114 115 116 117 118 119 120 121 122 123 124 124 124 125 125 125 125 125 125 126 126 127 127 127 127 127 127 127 127 128 128 129 130 131 132 133 134 135 137 138 139 140 141 143 144 145 145 146 147 148 149 151 152 153 154 155 155 156 157 158 158 159 160 161 161 162 162 163 164 164 165 166 167 167 167 168 169 170 171 172 173 174 175 176 177 178 179
105 106 107 109 109 112 113 114 115 116 117 117 118 119 120 121 122 123 124 125 126 126 126 127 127 127 127 127 128 129 129 129 129 129 128 128 128 128 129 130 131 131 132 133 135 136 137 138 139 140 141 142 143 144 145 146 147 148 149 150 151 152 153 154 155 156 157 157 158 159 159 160 161 161 162 163 163 164 164 165 166 166 166 168 168 169 170 171 172 173 174 175 176 177 178
106 107 108 109 111 112 112 113 116 117 118 119 119 121 122 123 123 124 125 126 126 127 127 127 128 128 128 129 130 130 130 130 130 130 129 129 130 130 130 131 131 132 133 134 135 136 137 138 139 140 141 142 142 143 144 146 147 148 149 150 151 152 153 153 154 155 156 156 157 158 159 160 160 161 162 162 163 164 164 164 165 165 166 167 168 168 169 170 171 172 173 174 175 176 177
105 106 107 110 112 113 114 116 117 117 118 119 120 121 122 123 124 125 126 126 127 128 128 129 129 129 130 131 131 131 131 131 131 132 131 131 131 131 131 132 132 133 134 135 136 137 138 138 139 140 141 142 142 143 144 146 146 147 148 149 150 151 152 153 153 154 155 156 157 158 158 159 160 161 161 162 162 163 163 164 164 164 165 166 167 168 169 170 171 172 173 174 174 175 176
104 106 108 110 112 114 116 117 118 119 119 120 121 122 122 123 124 125 126 127 127 128 129 130 130 131 132 132 132 133 133 133 133 133 133 133 133 132 132 132 133 134 135 135 136 137 138 139 139 140 141 142 142 144 144 145 146 147 147 148 149 150 151 151 152 152 153 154 156 157 158 159 159 160 160 161 161 161 162 163 163 163 165 166 166 167 168 169 170 171 172 173 174 174 175
103 105 107 109 112 114 116 117 119 120 120 121 121 122 123 124 125 126 126 127 128 128 129 130 131 132 133 134 134 134 134 134 134 134 134 134 134 134 134 134 134 135 135 136 137 137 138 139 140 140 141 142 143 144 145 146 146 147 147 148 149 149 150 151 151 151 152 153 155 156 157 158 159 159 160 160 160 161 160 161 162 163 164 165 166 167 167 168 169 170 171 172 173 173 174
103 105 107 109 111 113 116 117 119 120 121 121 122 123 124 125 125 126 127 127 128 129 130 131 132 133 134 135 135 135 135 135 136 135 135 135 135 135 135 135 135 136 136 137 137 138 139 139 140 141 142 142 143 144 145 146 146 147 147 148 148 149 149 149 150 150 151 152 154 155 157 158 158 159 159 159 159 159 159 159 160 161 162 164 165 166 167 168 168 169 170 171 172 173 173
103 105 107 109 111 113 116 117 119 120 121 122 122 123 124 125 126 126 127 128 129 130 131 132 133 134 135 136 136 136 137 137 137 137 137 137 137 136 137 137 137 137 137 137 138 139 139 140 140 141 142 143 143 144 145 146 146 147 147 147 148 148 148 148 148 149 150 151 153 155 156 157 157 158 158 158 158 158 157 157 158 159 161 162 164 165 166 167 168 168 169 170 171 171 172
103 105 107 109 112 114 116 118 119 120 121 122 123 124 125 125 126 127 128 128 129 131 132 133 134 135 136 137 137 138 138 138 138 138 138 138 139 139 139 139 139 139 138 139 139 139 140 140 141 141 142 143 144 144 145 146 146 147 147 147 147 147 147 147 147 147 148 150 152 154 155 156 157 157 157 156 156 155 154 154 155 158 160 161 163 163 165 166 167 168 168 169 170 170 171
103 105 108 110 112 114 116 118 119 121 122 122 124 124 125 126 127 127 128 130 130 131 132 134 134 135 137 138 138 139 140 140 140 140 141 141 141 141 142 142 141 140 140 140 140 140 141 141 141 142 143 144 145 145 146 146 147 147 147 147 147 147 146 145 145 145 147 149 151 153 154 155 155 155 155 154 152 150 150 150 154 158 158 160 162 162 163 164 165 166 168 168 169 170 170
104 107 109 111 113 115 117 118 120 121 122 123 124 125 125 126 127 128 129 130 131 132 133 134 135 136 137 138 139 140 141 142 142 143 143 143 143 144 144 144 143 143 142 142 141 141 142 142 142 143 144 145 146 146 147 147 147 147 147 147 147 146 145 143 143 143 145 148 150 151 153 154 154 154 153 151 147 147 146 149 152 155 157 158 160 161 162 163 164 165 166 167 168 169 170
105 107 110 112 114 116 118 119 121 122 123 124 124 125 126 127 127 128 129 130 131 132 134 135 135 137 137 138 139 141 142 143 143 144 144 145 145 145 145 145 144 144 143 143 142 142 142 142 143 143 144 145 146 147 147 147 147 147 146 146 146 145 144 142 139 140 143 146 148 149 150 151 152 151 150 148 144 142 142 147 151 153 154 156 157 158 160 161 162 163 164 165 167 167 168
106 109 111 113 115 117 119 120 121 123 123 124 125 126 126 127 128 129 130 131 132 133 134 135 136 137 138 139 140 141 142 143 144 144 145 145 145 145 146 145 144 144 143 142 142 142 142 142 142 143 143 144 145 146 146 146 146 146 146 146 145 144 143 140 136 135 138 140 145 146 147 148 148 148 146 143 139 136 140 145 148 150 151 153 154 156 157 159 160 162 162 163 165 166 166
108 110 112 114 116 118 120 121 122 123 124 125 125 126 127 128 128 129 130 131 132 133 134 136 137 138 138 139 140 141 142 143 144 144 144 144 144 144 144 144 143 143 142 142 141 141 141 141 142 142 143 143 144 144 145 145 145 145 145 145 144 143 142 139 134 130 132 134 137 139 141 141 142 142 140 136 133 133 138 143 145 146 147 149 151 153 155 157 158 160 161 161 163 164 165
109 111 113 115 117 119 120 122 123 124 124 125 126 127 127 128 129 130 131 132 133 134 135 136 137 138 139 140 141 141 142 143 143 143 143 143 143 143 142 142 142 141 140 140 140 140 140 140 141 141 142 142 143 143 144 144 144 144 144 143 143 143 141 138 133 128 126 128 130 132 133 134 135 135 133 130 127 130 134 138 140 142 144 146 148 150 152 154 155 157 158 160 160 162 163
110 112 114 116 118 119 121 122 123 124 125 125 126 127 128 128 129 130 131 132 134 135 136 137 138 139 140 141 141 142 142 143 143 142 142 142 141 141 141 140 140 139 139 138 138 138 138 138 139 139 140 141 141 142 142 142 142 142 142 142 142 141 140 138 132 125 121 121 122 125 127 127 127 126 126 124 123 127 130 133 136 139 141 143 145 147 149 151 153 155 156 157 159 160 161
111 113 115 117 118 120 121 122 123 124 125 126 127 127 128 129 130 131 132 133 134 135 136 137 138 139 140 141 142 142 142 142 142 141 141 140 140 139 139 138 138 137 137 137 136 136 137 137 137 138 138 139 139 140 140 140 140 139 139 139 139 139 138 136 132 123 118 115 116 117 119 118 118 119 118 118 121 124 127 129 132 135 138 140 143 145 147 149 151 153 154 155 157 157 159
112 114 116 117 119 120 122 123 124 125 125 126 127 128 129 129 130 131 132 133 135 136 137 138 139 140 141 141 142 142 142 141 141 141 140 139 138 138 137 136 136 135 135 134 134 134 134 135 135 136 136 136 137 137 137 137 137 137 136 136 136 136 135 133 129 121 114 111 110 111 112 112 112 112 112 113 117 121 124 126 129 132 135 138 141 143 145 147 149 151 152 153 154 155 157
112 114 116 118 119 121 122 123 124 125 126 126 127 128 129 130 130 131 132 134 135 136 137 138 139 140 141 141 142 142 141 141 140 140 139 138 137 136 135 134 133 132 132 131 130 130 130 132 131 132 132 133 133 134 135 135 135 134 133 131 129 127 126 125 124 119 112 107 104 105 106 106 106 107 107 110 114 118 121 123 127 130 132 136 139 141 144 145 147 149 151 152 153 154 155
113 115 116 118 120 121 122 124 124 125 126 127 128 128 129 130 131 132 133 134 136 137 138 139 140 140 141 142 142 141 141 140 139 138 137 136 135 134 132 131 129 128 127 126 125 125 125 125 126 127 128 128 127 127 127 126 126 125 123 121 119 118 117 116 116 114 109 103 100 98 99 99 102 103 104 106 109 112 116 120 124 127 130 134 137 140 142 144 146 148 149 151 152 153 154
114 116 117 119 120 122 123 124 125 126 126 127 128 129 130 130 131 132 134 135 136 137 138 139 140 141 141 141 141 141 140 139 138 137 136 134 132 130 128 126 124 122 122 120 120 120 120 120 121 120 120 119 118 117 117 117 116 115 113 111 109 108 108 107 107 107 104 100 96 95 95 96 98 100 102 103 106 108 111 116 120 124 128 132 135 137 140 142 144 146 148 149 150 152 152
115 117 118 120 121 123 124 125 126 126 127 128 129 129 130 131 132 133 134 135 137 138 139 140 140 141 141 141 140 139 137 136 135 135 132 130 129 125 122 120 118 117 115 115 114 114 114 113 113 112 110 109 108 107 106 106 106 105 103 101 99 98 98 99 97 98 97 96 93 91 91 93 96 98 100 101 103 105 108 112 116 120 124 128 131 135 137 140 142 144 146 148 149 150 151
117 118 120 121 122 123 124 126 126 127 128 128 129 130 131 132 133 134 135 136 137 138 139 140 140 140 140 140 138 137 135 134 132 130 127 125 123 120 117 115 112 110 109 107 106 106 106 106 104 103 101 100 98 97 96 96 95 95 90 89 87 87 87 88 89 90 90 90 88 87 88 90 94 97 98 99 101 102 105 108 111 115 119 123 127 131 134 137 140 142 144 146 148 149 150
118 119 121 122 123 124 125 126 127 128 129 130 130 131 132 133 134 135 136 137 138 139 140 140 140 139 139 137 136 135 133 130 128 125 122 119 115 113 110 108 105 102 101 99 97 97 98 97 96 93 91 89 87 86 85 84 83 80 77 76 74 73 74 74 77 81 83 84 83 83 85 88 92 95 96 97 98 100 102 105 108 111 114 118 123 127 131 134 137 140 143 144 146 147 148
119 120 122 123 124 125 127 127 128 129 130 131 131 132 133 133 134 136 137 138 139 139 140 140 139 138 137 136 134 132 130 126 122 118 114 112 109 105 102 99 96 94 92 90 90 89 88 87 86 83 81 80 77 75 75 73 71 69 67 66 62 63 64 64 66 70 74 77 77 79 81 85 90 92 94 94 95 97 99 102 104 108 110 114 119 123 127 130 134 138 140 142 144 145 146
120 122 123 125 126 126 127 128 129 130 131 131 132 132 133 134 135 136 137 138 139 140 140 139 138 137 135 133 131 128 124 119 115 112 108 104 100 97 94 91 89 85 83 82 81 80 79 77 76 74 72 70 69 67 64 64 62 61 59 61 61 62 62 63 65 65 67 69 72 74 77 82 86 89 90 91 92 93 96 97 100 102 106 110 116 120 124 127 130 134 136 139 141 142 144
121 122 124 126 127 128 129 129 130 131 131 132 132 133 134 135 136 137 138 139 140 140 140 139 137 135 133 131 128 123 118 113 108 104 101 97 93 89 86 81 78 77 75 74 73 72 70 69 68 64 63 62 60 60 60 58 60 61 61 62 61 62 63 63 63 63 65 66 67 70 73 76 80 83 86 87 89 90 91 93 95 98 102 106 111 117 121 124 127 129 133 135 137 139 141
120 122 124 126 127 128 129 130 131 131 131 131 132 133 134 135 136 137 138 139 140 140 139 137 135 134 131 129 122 117 109 104 99 95 91 86 83 78 75 73 71 69 68 67 63 63 62 60 61 59 58 59 59 59 58 60 60 62 62 63 63 64 65 65 64 64 65 66 66 66 68 71 74 77 79 81 83 85 86 88 90 93 98 102 107 112 116 120 124 126 129 132 134 136 138
115 117 121 123 125 126 127 129 129 130 130 130 131 132 133 134 136 137 138 139 140 139 137 135 134 132 129 122 114 108 101 95 90 85 81 76 73 70 68 66 63 62 58 58 58 58 57 56 57 57 57 57 59 61 61 62 65 66 67 67 68 68 68 66 66 65 64 65 67 67 67 68 69 73 74 76 78 80 82 83 86 89 94 97 102 107 112 116 119 122 126 129 131 133 135
107 112 115 118 121 123 125 126 127 128 128 129 130 131 132 133 135 136 137 137 137 136 135 133 131 128 120 113 106 100 92 86 81 76 71 68 65 60 57 58 58 57 56 55 55 56 56 57 58 60 61 62 64 65 66 68 69 70 71 71 72 71 71 70 67 66 66 66 67 67 67 67 68 70 71 72 74 76 78 79 81 84 89 93 97 102 107 111 116 119 122 125 128 130 132
98 104 108 112 116 119 121 123 125 125 126 127 128 130 131 132 133 134 135 135 135 134 133 131 129 122 114 106 97 88 82 75 70 66 63 61 57 55 54 54 55 53 55 56 57 58 60 61 63 65 66 68 69 70 71 72 73 74 75 76 76 75 74 74 70 66 67 67 67 67 68 67 68 69 69 70 71 71 74 76 77 80 82 86 92 97 101 106 111 115 118 122 125 127 129
