test/real/Boscastle/boscastle_square_20m.asc
ncols        300
nrows        150
xllcorner    209000.000000000000
yllcorner    89000.000000000000
cellsize     20.000000000000
NODATA_value -9999
[rows 0 to 41 of 150, columns 190 to 284 of 300]
188 188 189 190 191 191 192 192 193 193 194 195 195 196 197 197 197 197 197 197 197 197 197 197 197 197 197 197 197 197 198 199 199 200 201 203 204 205 206 207 208 209 210 210 211 211 212 212 212 212 212 212 212 212 212 213 213 213 212 212 212 211 211 210 210 209 208 208 208 208 208 208 207 206 205 205 205 206 205 205 205 205 206 204 204 204 203 203 203 202 202 201 201 201 201
187 188 189 189 190 191 192 192 192 193 193 194 195 195 195 195 195 195 195 195 194 195 195 195 194 194 194 194 194 195 196 197 197 198 200 201 202 203 205 206 207 208 208 209 210 210 210 211 211 211 211 211 211 211 211 212 212 212 211 211 211 210 210 209 209 208 207 207 206 207 207 206 207 206 205 205 205 205 205 204 204 204 204 203 203 203 203 203 203 202 202 202 201 201 201
186 187 188 189 189 190 191 192 192 192 192 193 193 193 193 193 193 193 193 192 192 192 192 192 192 191 191 191 192 193 194 194 195 196 198 199 200 202 203 204 205 206 207 208 208 209 209 209 210 210 210 210 210 210 210 210 211 211 210 210 210 209 209 208 207 207 206 205 205 205 205 205 205 205 205 204 204 204 204 203 203 204 204 203 203 203 203 202 202 202 202 202 201 201 201
185 186 187 188 188 189 190 191 192 192 192 192 192 192 192 192 192 191 190 190 189 189 189 189 189 189 189 189 190 191 192 193 194 195 196 197 199 200 201 203 204 205 206 206 207 208 208 208 209 209 209 209 209 209 209 209 209 209 209 209 209 208 207 207 206 206 205 204 204 204 204 204 204 204 204 203 203 203 203 203 203 203 203 203 203 203 202 202 202 202 202 201 200 200 200
185 185 186 187 188 188 189 190 191 191 191 191 192 192 192 192 191 190 188 188 188 188 187 187 187 187 187 187 188 189 190 191 192 193 195 196 198 199 200 202 203 204 205 205 206 206 207 207 207 207 207 207 207 207 208 208 208 208 208 208 208 207 206 206 205 204 204 203 203 203 203 203 203 203 203 203 203 202 203 203 202 202 203 203 202 202 202 201 201 201 201 201 200 199 199
184 185 185 186 187 188 188 189 190 190 191 191 191 191 191 191 189 189 187 187 187 186 186 185 185 185 185 186 186 187 188 189 191 192 193 195 196 198 199 201 202 202 203 204 205 205 206 206 206 206 206 206 206 206 206 206 206 206 207 206 206 206 205 205 204 203 202 202 202 201 201 201 202 202 202 202 202 202 202 202 202 202 203 202 202 202 201 201 200 200 200 200 199 198 198
183 184 185 185 186 187 187 188 189 189 190 190 190 190 190 190 189 188 187 186 185 185 184 184 183 183 183 184 184 185 186 188 189 191 192 194 195 197 198 199 201 202 202 203 203 204 205 205 205 205 205 205 205 205 205 205 205 205 205 205 205 204 204 203 203 202 201 201 200 200 200 200 201 201 201 201 202 202 202 202 202 202 202 202 201 201 201 201 200 199 199 199 198 197 197
183 183 184 185 185 186 186 187 188 188 188 189 189 189 189 189 188 187 186 185 184 183 182 182 182 181 181 182 183 184 185 186 188 189 191 192 194 196 197 198 200 201 201 202 203 203 204 204 204 204 204 204 204 204 204 204 204 204 204 204 204 203 203 202 202 201 200 200 199 199 199 199 200 200 200 200 200 200 201 201 202 201 201 201 201 200 200 199 198 199 199 198 197 196 195
182 183 183 184 185 185 186 186 187 187 188 188 188 188 188 187 187 186 185 184 183 182 181 180 180 179 178 180 181 182 183 185 186 188 189 191 193 194 196 197 199 200 201 201 202 203 203 203 203 203 203 202 202 203 203 203 203 203 203 203 203 202 202 201 201 200 199 199 199 198 198 198 198 199 199 199 200 200 200 201 201 201 200 200 199 198 198 198 196 197 197 196 195 195 194
181 182 183 183 184 185 185 186 186 187 187 187 187 187 187 186 186 185 184 183 182 180 180 179 178 176 176 178 180 181 182 184 185 187 188 190 192 193 195 196 197 199 200 200 201 202 202 202 202 202 202 201 201 201 201 202 202 202 202 202 202 201 201 200 200 199 199 198 198 197 197 197 197 198 198 199 199 199 200 200 200 200 199 199 199 198 196 196 195 194 195 194 194 193 193
180 181 182 183 184 184 185 185 186 186 186 187 187 187 186 186 186 184 183 182 181 180 178 177 175 174 175 176 178 180 181 182 184 185 187 189 191 193 194 195 197 198 199 200 200 201 201 201 201 201 201 200 200 200 200 200 200 200 201 200 200 200 200 200 199 199 198 197 197 197 196 196 197 197 198 198 198 199 199 199 199 199 199 198 197 196 196 195 195 194 193 193 193 192 192
180 180 181 182 183 184 184 184 185 186 186 186 186 186 186 185 185 184 183 182 180 179 176 174 172 172 173 174 176 178 180 181 183 185 187 189 190 192 194 195 196 198 198 199 200 200 200 200 200 199 199 199 199 199 199 199 200 200 200 200 200 199 199 199 198 198 197 197 196 196 195 195 196 196 196 197 198 199 199 199 199 199 198 197 197 195 195 194 193 192 192 191 191 191 191
179 179 180 181 182 183 183 184 184 185 185 185 186 185 185 185 184 184 183 182 180 178 175 171 169 170 171 172 174 177 178 180 182 184 186 189 190 192 194 195 196 197 198 199 199 199 199 199 199 198 198 198 198 198 198 199 199 199 199 199 198 198 198 198 197 197 196 196 195 194 194 195 195 194 196 197 197 198 198 198 199 199 198 197 196 194 194 193 192 191 190 190 190 190 190
178 179 180 180 181 182 182 183 183 184 184 185 185 185 185 185 184 183 183 181 180 178 173 168 166 166 168 170 172 175 177 179 181 184 186 189 191 192 194 195 196 197 198 198 199 199 199 198 197 197 196 196 196 197 197 197 198 198 198 198 197 197 197 197 196 196 195 194 194 193 192 192 193 194 195 196 197 197 198 197 198 198 197 196 195 194 193 191 191 190 190 189 189 189 189
177 178 179 179 180 181 181 182 182 183 184 184 184 184 184 184 183 183 182 181 179 177 172 166 163 163 165 170 173 175 176 179 181 184 186 188 191 192 194 195 196 197 198 198 198 198 198 197 196 195 195 195 195 196 196 196 197 197 197 197 196 196 196 196 195 195 194 193 192 191 190 191 192 193 193 195 196 196 197 197 197 197 196 195 194 193 192 191 190 189 188 188 188 188 188
176 177 178 179 179 180 180 181 182 182 183 183 183 183 183 183 183 182 181 180 179 176 171 163 161 161 164 170 172 174 176 178 181 184 186 188 190 192 194 195 196 197 197 198 198 198 197 196 194 193 193 193 194 195 195 195 196 196 195 196 196 196 195 195 194 194 193 192 190 189 189 190 190 192 193 194 195 195 196 196 196 196 195 194 194 193 191 190 189 188 187 188 186 186 186
175 176 177 178 178 179 180 180 181 181 181 182 182 182 182 182 182 181 180 179 178 175 169 161 156 158 166 170 173 175 176 178 180 183 186 188 190 192 194 195 196 196 197 197 196 196 195 194 192 191 191 192 193 194 194 194 195 195 195 195 195 195 195 194 193 192 191 190 189 188 188 188 189 190 191 193 194 194 195 195 194 194 194 193 193 192 191 189 188 187 185 184 184 183 184
174 175 176 177 178 178 179 179 180 180 180 180 180 181 181 181 180 179 179 178 176 172 165 157 153 156 166 170 173 175 176 178 180 183 185 187 189 191 192 194 195 195 195 195 194 194 193 192 190 189 189 190 192 193 193 193 193 194 193 194 194 194 194 193 192 191 190 188 187 187 187 187 188 189 189 191 192 192 193 193 193 193 193 192 192 191 190 188 187 186 184 183 182 181 181
173 174 175 176 176 177 178 178 179 179 179 178 179 179 179 179 178 177 177 176 174 167 160 153 151 154 165 169 172 174 176 178 180 182 184 186 188 190 191 192 192 193 193 193 192 191 190 189 187 185 186 189 191 192 192 192 192 192 192 193 193 193 193 193 192 191 189 187 186 185 186 186 187 188 189 190 191 191 191 192 192 192 191 191 190 189 189 187 185 184 182 181 179 179 179
173 173 174 175 175 176 177 177 178 178 177 177 177 177 177 176 175 175 174 172 167 162 155 149 148 152 161 168 171 173 175 177 178 180 183 185 187 189 190 190 191 191 191 190 190 189 188 186 183 180 184 188 190 191 191 190 190 191 191 191 192 193 193 192 192 190 189 184 184 182 186 185 187 188 189 190 190 191 191 191 191 190 190 189 188 188 187 185 184 182 181 179 177 176 176
171 172 173 174 174 175 175 176 176 176 176 175 174 173 173 171 170 169 168 166 162 155 149 145 146 151 159 165 169 171 173 174 176 178 181 183 185 187 188 188 189 189 188 187 186 185 184 182 178 177 184 188 190 190 190 189 188 188 189 190 191 191 191 191 191 189 187 182 181 180 181 183 186 187 188 189 190 190 190 190 190 189 189 188 187 186 185 184 182 181 179 177 176 173 173
170 171 172 172 173 173 174 175 175 175 174 173 172 169 167 165 164 163 162 160 156 150 146 141 142 148 155 160 164 167 169 171 173 175 178 180 183 184 185 186 186 185 184 184 183 182 180 174 171 174 183 188 189 190 188 187 186 186 187 188 189 190 190 190 189 188 185 181 176 177 179 182 184 186 187 188 189 189 189 189 189 188 188 187 186 185 184 182 180 178 177 173 172 172 172
169 170 171 171 172 172 173 173 173 173 172 171 169 167 165 163 161 159 158 156 152 146 141 138 140 146 152 156 159 162 165 168 170 173 175 177 179 180 181 182 182 181 180 179 178 177 174 168 167 172 179 185 188 188 187 186 184 184 185 187 188 188 188 189 188 187 183 175 174 175 178 180 183 185 186 187 188 188 188 188 188 187 187 186 185 184 183 181 179 176 172 170 171 171 171
167 168 169 170 170 171 171 171 171 171 170 168 167 165 163 161 159 157 155 153 148 142 138 134 138 145 149 152 155 158 161 164 167 169 171 172 173 175 177 177 177 176 174 174 172 171 168 162 164 170 176 181 184 185 185 183 180 179 181 183 185 185 186 187 186 185 181 171 172 171 176 179 182 184 185 186 187 187 187 187 187 187 186 185 184 183 182 180 178 175 169 169 170 170 170
165 166 167 168 168 169 169 169 168 168 167 166 164 162 160 158 156 154 151 147 142 138 134 132 135 142 146 149 151 154 158 160 162 164 166 167 168 169 171 171 170 169 168 166 166 164 160 156 160 168 173 177 179 180 181 179 177 174 176 178 180 182 182 182 181 180 174 170 169 172 175 178 181 183 184 185 186 186 187 187 186 186 185 184 183 182 181 179 177 171 168 168 168 167 168
163 164 165 165 166 166 166 165 164 163 164 162 161 159 156 154 151 148 145 141 137 134 132 130 130 134 139 142 145 148 151 154 156 159 160 160 160 160 162 162 161 160 159 158 158 157 153 153 156 162 167 170 172 173 174 173 170 169 171 173 176 177 177 177 176 174 169 167 168 172 175 177 180 182 184 185 185 186 186 186 186 185 185 184 182 181 180 177 174 167 167 166 165 170 172
161 162 163 162 163 162 161 159 159 158 156 154 153 151 149 147 145 142 139 137 134 132 130 128 126 128 131 135 137 140 142 145 148 151 151 151 151 151 153 152 152 151 151 151 151 150 146 148 152 156 160 163 165 166 166 165 163 163 165 167 169 170 170 170 170 168 163 162 171 173 175 177 179 181 182 183 184 185 186 186 186 185 184 183 182 180 179 176 170 165 164 164 170 173 175
160 160 161 160 160 159 157 156 154 153 151 150 148 146 145 143 140 138 135 133 131 129 128 126 125 125 127 129 132 134 135 137 139 141 141 142 142 143 143 143 143 143 143 144 145 145 140 143 147 151 153 155 157 158 159 158 157 157 158 159 160 162 162 163 163 160 159 162 168 172 175 178 179 180 181 182 183 184 184 185 185 184 183 182 180 179 177 175 170 164 161 168 171 174 176
158 159 159 158 157 156 154 153 151 150 148 146 145 143 141 139 137 135 133 131 129 127 125 124 123 122 124 126 129 130 131 131 132 132 132 133 134 134 134 134 134 134 134 134 135 135 135 137 140 143 145 147 148 150 151 150 151 151 152 152 153 155 156 155 156 156 156 160 165 170 173 176 177 178 179 180 181 182 183 183 183 183 181 180 178 176 175 174 172 161 162 169 173 175 176
156 156 157 156 155 154 153 151 149 148 146 145 143 140 139 137 135 133 131 129 127 125 124 122 121 120 121 124 126 127 127 127 127 125 124 125 127 127 126 126 126 126 127 127 128 129 130 130 132 135 137 139 141 142 143 144 145 147 148 149 151 150 152 152 151 153 155 160 164 168 171 173 175 176 177 178 179 180 181 181 181 181 179 177 175 173 172 171 168 159 163 170 173 175 177
155 155 155 155 154 153 151 150 148 146 144 143 141 139 137 135 133 131 130 128 126 124 122 120 119 118 119 121 123 124 124 123 122 121 120 121 121 121 120 120 120 121 121 122 123 124 126 126 127 129 131 133 134 136 137 139 141 142 144 144 147 149 149 149 149 151 155 159 163 166 169 171 172 174 174 176 177 178 179 179 179 178 177 174 171 170 169 167 161 158 163 171 174 176 177
153 154 154 154 153 152 150 149 147 145 143 141 139 136 135 133 132 130 128 126 124 122 120 119 117 116 116 119 120 121 120 119 118 117 117 117 117 117 116 117 117 118 117 119 120 122 122 122 123 124 126 127 129 131 133 135 137 138 141 143 145 146 147 147 147 150 155 159 162 165 167 169 171 172 173 174 175 176 176 177 177 176 174 171 169 168 164 160 156 158 164 172 174 176 178
152 152 153 152 152 151 149 147 146 144 142 140 138 135 134 132 131 128 126 123 122 120 118 116 115 113 114 116 117 116 116 116 114 114 114 114 114 114 114 115 115 116 116 118 118 119 120 120 121 122 123 124 126 128 130 131 131 135 137 140 142 144 145 142 145 149 155 158 162 164 166 168 169 170 171 172 173 174 174 174 174 173 171 168 167 163 156 154 157 160 167 172 174 177 180
150 151 151 151 150 149 148 146 144 142 141 139 137 135 133 131 129 127 125 123 121 118 116 114 112 112 112 114 114 113 112 112 112 112 112 112 112 112 112 113 114 114 115 115 116 116 117 117 118 119 120 121 122 123 124 126 129 132 135 137 140 141 141 140 144 151 154 158 161 164 165 167 168 169 170 170 171 172 172 172 171 170 169 166 165 153 154 155 158 162 170 173 176 180 183
149 149 150 150 149 148 147 145 143 141 139 138 136 134 132 131 128 126 123 121 119 116 114 111 110 109 110 111 110 109 109 110 111 110 110 110 110 111 111 112 112 112 112 112 112 113 114 115 116 116 118 119 119 119 121 121 125 128 132 134 136 138 137 139 144 151 154 157 160 163 164 166 167 168 168 169 169 169 170 170 170 169 168 166 161 152 154 157 163 167 172 176 179 182 185
147 148 148 148 148 147 146 144 142 140 138 136 135 133 132 130 128 125 122 120 117 114 111 109 108 107 108 108 107 107 107 108 108 108 108 109 109 109 110 110 110 111 107 109 110 109 111 113 114 114 116 116 115 118 118 117 120 124 127 131 132 133 135 140 147 151 154 157 159 161 163 164 165 166 167 167 167 167 168 168 168 167 165 164 157 152 156 163 166 171 175 178 180 183 186
145 145 146 146 145 145 144 143 141 139 136 134 133 133 132 130 127 125 122 119 116 113 109 106 105 105 106 106 106 106 106 106 106 107 107 107 108 108 108 109 109 106 109 110 112 112 112 111 112 112 114 114 117 119 124 125 118 121 124 126 129 132 136 140 145 149 153 155 157 159 160 162 163 163 164 164 165 165 165 165 165 164 162 157 148 152 158 166 170 173 177 179 181 184 187
142 143 143 143 144 143 142 140 139 136 134 132 132 132 131 129 127 124 121 117 115 112 106 103 103 103 103 104 104 104 104 104 105 105 106 105 106 106 107 107 106 109 111 114 115 116 116 117 118 119 122 122 124 128 134 134 124 120 122 124 127 130 134 137 141 145 149 152 153 155 157 158 159 159 159 160 160 160 160 160 159 157 151 147 150 156 164 169 173 176 178 180 183 185 188
139 140 140 140 140 141 139 138 136 134 132 130 130 129 129 128 126 124 121 117 114 112 104 102 101 102 101 102 102 102 103 103 104 104 104 105 105 103 103 107 114 118 120 121 123 125 126 127 129 130 132 134 135 138 141 140 134 128 121 122 124 125 128 132 136 139 144 146 148 151 152 153 153 153 153 154 154 155 154 153 149 145 147 151 154 161 167 172 175 177 179 181 183 186 189
136 137 138 138 139 139 137 135 134 131 129 128 128 128 128 127 125 123 120 116 113 111 101 100 100 100 100 101 101 101 102 102 103 103 103 103 105 112 117 122 125 125 127 129 131 133 134 136 138 139 140 142 143 145 145 144 142 136 130 125 122 122 125 126 128 131 134 138 141 146 147 147 148 148 146 144 143 142 141 143 146 148 151 156 161 165 171 174 176 178 180 182 184 186 190
133 134 135 135 135 135 134 132 130 128 126 126 126 126 126 125 123 120 117 113 106 103 98 97 99 99 99 100 101 101 101 102 102 102 101 111 116 121 123 125 127 129 132 134 137 140 141 142 144 146 147 148 149 149 149 149 147 144 139 134 132 130 126 123 125 127 129 131 133 137 138 140 136 135 136 137 138 140 144 146 149 153 158 161 166 170 173 175 177 179 181 183 184 187 191
131 132 132 133 133 132 131 129 126 124 123 124 124 125 124 123 120 117 110 102 97 95 96 96 97 98 98 99 100 100 101 100 100 104 113 119 121 123 125 129 131 135 138 140 143 145 147 148 149 151 152 153 153 153 153 153 151 149 145 143 139 137 135 133 130 125 127 129 130 132 132 133 135 138 140 143 145 148 151 156 159 161 164 167 170 173 175 177 178 179 181 183 185 188 193
