test/real/Boscastle/boscastle_square_20m.asc
ncols        300
nrows        150
xllcorner    209000.000000000000
yllcorner    89000.000000000000
cellsize     20.000000000000
NODATA_value -9999
[rows 42 to 83 of 150, columns 95 to 189 of 300]
88 94 99 104 109 113 116 119 121 122 123 125 126 128 129 131 132 132 133 134 134 133 131 129 124 116 105 96 86 78 71 66 61 59 56 55 54 54 54 53 54 55 56 58 59 61 64 66 67 68 70 72 73 74 75 76 78 80 81 82 82 82 80 78 75 69 67 68 67 68 69 69 69 69 69 69 70 71 72 73 75 76 78 82 85 90 96 100 105 110 115 118 121 124 126
78 84 90 96 101 106 110 113 116 118 119 122 124 126 127 129 130 130 131 131 132 132 129 123 115 107 96 85 76 68 60 54 53 50 52 52 53 53 53 54 55 57 59 61 64 66 68 70 71 73 74 76 77 78 79 81 83 84 86 88 87 88 85 83 79 76 67 68 68 68 69 71 71 70 70 70 70 70 72 71 73 74 76 77 79 83 88 94 99 104 109 113 117 120 123
68 74 80 86 92 97 102 106 110 112 115 117 121 123 124 126 126 127 127 128 130 130 127 117 109 98 87 77 69 57 49 50 50 51 51 53 53 53 54 56 59 62 65 67 70 71 74 74 76 77 78 79 80 82 83 85 88 91 93 93 91 90 88 86 83 80 73 69 69 69 70 73 74 73 71 71 71 71 72 72 73 72 74 75 76 79 82 86 92 97 103 107 110 116 118
59 65 71 78 84 89 94 98 103 107 109 112 115 118 120 121 121 121 120 122 125 125 124 111 101 91 80 71 59 48 50 52 58 59 56 52 55 58 62 65 68 70 70 73 75 76 77 78 79 80 81 82 83 86 88 91 94 95 96 96 96 95 92 89 86 83 80 69 69 70 70 74 76 76 74 72 73 73 73 73 73 73 73 73 74 76 78 80 84 89 93 98 102 106 110
49 55 62 68 75 81 87 91 96 100 103 106 109 112 113 114 113 111 111 112 113 109 106 102 93 84 73 62 52 49 51 52 57 60 61 63 67 71 72 73 74 74 75 76 78 79 80 81 81 82 84 85 88 91 93 94 97 98 98 98 98 97 95 93 90 87 84 75 70 71 71 73 77 78 78 76 74 74 74 74 75 75 74 75 75 76 77 78 79 81 83 87 91 95 99
41 47 53 60 66 73 79 84 88 92 96 98 101 104 104 105 103 101 100 100 99 97 96 92 85 75 66 53 47 50 53 55 54 55 60 65 70 73 74 76 77 78 79 80 81 83 84 85 86 87 88 90 93 95 98 99 99 100 100 100 100 99 98 96 94 91 87 81 70 71 71 73 77 80 80 79 77 76 76 76 76 77 77 76 76 76 77 77 78 78 79 79 80 84 87
36 40 45 51 57 64 70 75 80 84 87 89 91 93 94 95 93 91 89 89 88 87 85 83 77 67 56 48 48 54 60 65 63 57 58 65 73 77 79 80 81 82 83 85 86 87 89 90 91 92 94 96 97 99 100 101 102 102 102 102 102 102 100 99 98 95 91 85 74 72 72 73 76 79 82 81 81 81 81 81 80 80 80 79 79 76 76 77 78 78 79 78 80 80 80
34 36 40 44 49 55 61 67 71 75 78 81 82 83 84 85 82 80 78 77 76 75 73 71 68 60 49 46 52 60 67 73 69 61 59 66 74 82 85 85 86 88 89 90 92 93 94 94 96 97 98 99 101 102 103 103 104 104 104 105 104 104 103 101 100 98 95 89 79 71 73 73 75 78 84 85 86 85 84 84 84 84 84 83 82 81 81 79 79 79 80 80 81 81 81
32 34 36 38 40 46 52 58 62 65 68 70 72 73 74 75 71 69 67 66 65 63 62 59 56 48 46 50 59 67 73 78 74 66 61 66 77 84 88 90 92 93 94 95 96 97 97 98 99 100 101 102 103 104 104 105 106 106 106 107 106 106 105 104 102 101 98 93 84 74 72 74 75 77 83 87 88 88 88 87 88 88 88 88 88 87 86 85 83 82 82 82 83 83 85
34 33 35 36 37 40 43 48 52 55 58 60 61 62 64 66 60 58 56 53 51 51 50 49 46 45 50 56 65 72 80 83 77 70 63 69 79 87 90 93 95 96 97 98 99 99 100 101 102 103 104 104 105 106 106 107 108 108 109 108 108 108 107 106 105 103 101 100 89 80 74 74 75 76 80 88 91 91 91 91 92 92 92 93 93 92 93 92 89 87 86 87 88 89 90
35 34 34 35 36 37 38 39 42 45 48 50 51 52 52 48 46 44 43 43 44 44 45 43 45 49 56 63 72 79 87 86 80 71 63 70 81 88 91 94 96 98 99 100 101 102 103 104 105 105 105 106 107 108 108 109 110 110 110 110 110 110 109 109 108 106 105 103 96 87 80 75 75 77 77 84 92 93 94 94 95 95 96 96 97 97 97 96 95 94 93 93 94 94 95
40 37 34 35 36 37 37 38 38 39 40 41 42 42 42 40 41 42 43 43 44 44 46 49 53 58 64 71 79 88 92 88 82 73 66 70 81 89 92 95 97 99 101 103 104 105 106 106 107 107 108 108 109 110 110 111 111 112 112 113 113 112 112 111 110 109 107 105 103 93 86 80 76 76 78 81 89 95 97 98 99 99 100 101 102 102 102 101 101 100 99 98 99 99 100
47 40 37 35 35 36 36 38 38 38 39 40 41 40 40 42 42 46 50 54 55 58 59 61 64 69 74 80 87 94 96 89 83 75 68 71 80 89 93 96 99 101 103 105 106 107 108 108 108 109 109 110 111 111 112 113 113 114 114 115 115 115 115 114 113 112 110 108 106 101 93 86 76 77 78 80 86 94 99 101 103 105 106 107 107 108 108 108 108 107 105 104 104 104 105
53 48 43 40 37 36 37 37 38 38 39 39 38 40 41 45 51 57 60 62 67 69 71 73 76 79 84 90 95 100 99 92 86 77 69 72 80 88 94 97 100 102 104 106 107 108 109 109 110 111 111 112 112 113 114 114 115 116 117 118 118 118 117 117 116 114 112 110 108 106 98 90 84 77 79 79 84 91 98 103 106 108 110 111 112 112 113 113 113 112 111 110 109 109 110
60 57 54 48 42 38 38 36 37 37 37 38 42 47 50 55 60 64 69 74 79 80 82 85 87 90 95 100 104 107 103 97 90 82 72 72 80 88 94 98 101 103 106 107 108 109 110 111 112 112 113 114 114 115 116 116 117 119 120 120 120 120 120 120 118 117 115 113 111 108 102 93 87 79 80 80 83 89 97 104 109 111 112 114 115 116 116 116 117 117 117 116 115 115 117
68 66 63 58 51 43 41 40 40 42 45 47 51 55 59 63 68 72 78 84 88 91 93 95 98 102 106 110 113 111 107 100 94 86 77 74 80 89 95 99 102 104 107 108 110 111 112 113 114 114 115 115 116 117 117 118 119 121 122 123 123 123 123 122 120 119 117 115 114 110 103 96 91 84 80 81 81 88 96 104 111 114 116 117 118 119 120 120 120 121 121 121 121 122 122
77 75 72 68 58 49 44 46 50 53 55 57 60 64 67 71 76 80 87 92 98 102 104 107 110 114 117 117 116 114 110 103 96 90 79 75 81 89 96 99 102 105 108 110 112 113 114 115 116 117 117 117 118 119 119 120 121 123 124 124 125 125 125 124 123 121 120 118 117 116 106 99 93 87 81 81 82 87 95 105 111 116 119 120 121 122 123 123 123 124 125 126 127 127 126
87 84 82 77 65 55 49 55 61 63 63 67 70 73 78 81 84 89 96 102 108 113 116 120 121 121 121 120 118 115 112 105 98 91 81 77 81 89 96 100 103 106 109 111 114 115 116 117 118 119 119 120 120 121 122 122 124 125 126 127 127 127 127 126 125 124 123 122 120 118 113 103 98 92 84 82 82 87 93 102 111 119 122 124 125 125 126 127 128 128 130 131 131 131 130
95 94 90 81 71 61 53 62 73 75 76 78 80 84 88 91 93 97 105 111 116 119 121 122 123 124 124 122 120 117 113 107 98 90 82 77 82 88 94 101 104 107 109 113 115 116 117 118 120 120 121 122 123 124 124 125 126 127 128 129 129 130 130 129 129 128 127 126 125 122 119 110 102 95 87 81 84 86 91 100 109 118 124 126 128 129 130 131 132 133 134 134 134 134 133
101 99 95 85 76 65 59 70 80 87 89 90 92 94 96 98 101 105 110 114 118 121 123 125 126 127 126 124 121 118 114 108 98 90 82 79 83 88 94 101 104 107 110 113 114 116 117 119 120 121 122 123 125 126 127 128 129 130 131 131 132 133 133 134 133 133 132 131 129 127 124 116 106 98 89 84 84 85 90 97 106 116 124 128 131 132 133 134 135 136 136 137 137 136 137
106 104 99 90 82 71 62 77 90 96 99 100 101 103 103 105 108 113 114 117 121 124 126 128 129 129 127 125 123 120 116 108 99 90 81 81 86 95 100 102 105 107 110 112 114 116 117 119 121 122 124 125 126 127 128 130 131 132 133 134 135 135 137 138 138 138 137 135 134 131 127 119 109 101 91 85 85 86 90 95 103 113 123 130 132 134 135 136 137 138 138 139 139 139 140
114 111 103 95 86 75 68 75 90 100 103 104 105 107 108 110 112 115 118 121 124 127 128 130 130 130 129 126 124 121 118 109 100 92 82 82 87 94 103 105 107 109 111 113 115 117 118 120 122 123 125 126 127 128 130 131 133 134 135 136 137 138 140 140 141 141 140 139 137 134 129 120 111 103 94 85 86 87 90 94 101 110 122 130 134 136 137 138 139 140 140 141 141 142 143
120 115 107 98 89 81 71 81 91 104 108 109 110 111 113 115 117 120 122 125 127 129 130 131 132 131 130 128 126 123 118 110 100 93 85 83 87 93 101 107 108 110 112 114 116 118 119 121 122 124 126 127 128 130 131 133 135 136 137 138 140 141 142 142 143 143 142 140 138 135 130 120 113 105 96 89 86 87 90 93 99 108 120 131 135 137 139 140 142 142 143 143 145 145 145
125 122 112 102 94 85 78 85 94 106 112 113 114 115 117 120 122 124 126 128 130 131 132 133 133 133 133 131 128 125 120 111 101 94 87 85 88 92 98 104 109 111 113 115 117 119 120 122 124 126 127 129 130 131 133 135 136 138 139 141 142 143 144 144 145 144 143 141 138 135 130 122 114 106 98 91 85 88 90 93 99 107 118 129 136 139 141 143 145 146 146 147 147 148 148
127 124 113 106 98 89 82 90 98 109 115 118 118 120 121 123 125 128 129 130 132 133 134 135 136 136 135 134 130 127 120 110 102 96 89 86 88 92 97 102 108 113 115 116 118 120 122 124 126 128 129 130 132 133 135 137 139 140 142 143 144 145 146 146 146 145 143 141 139 135 131 123 115 106 99 92 88 89 90 93 99 107 117 127 135 140 143 146 148 149 150 151 151 150 151
130 126 118 110 101 92 86 92 101 112 117 120 122 124 125 126 128 130 132 133 134 135 136 137 137 137 137 135 133 128 119 110 104 98 92 86 89 92 96 101 107 112 115 117 119 122 124 126 128 129 131 132 133 135 137 139 140 142 144 145 147 148 147 147 147 146 145 143 140 136 132 125 117 108 100 94 91 89 90 94 100 106 115 125 134 141 145 148 150 152 153 154 154 154 154
132 128 123 113 105 96 90 94 104 115 119 122 125 127 128 130 131 133 134 135 136 136 137 138 139 139 139 137 135 129 120 112 107 101 94 88 90 92 96 101 107 111 114 117 120 123 125 127 130 131 132 133 135 137 138 140 142 144 145 147 149 149 149 148 147 147 146 144 141 138 133 127 119 110 102 96 92 90 90 95 100 106 113 122 132 140 146 149 152 154 155 156 156 156 156
135 132 127 118 109 100 94 96 106 117 122 125 128 129 131 133 134 135 137 138 138 139 140 141 141 141 141 139 133 128 122 115 109 103 96 91 91 93 97 102 108 112 115 117 121 124 125 128 130 132 133 135 137 139 140 142 144 146 147 149 150 151 151 150 149 147 147 145 143 139 135 130 121 113 104 98 94 91 92 95 100 106 113 120 131 140 146 150 154 156 157 158 159 159 159
138 135 131 122 113 105 98 99 108 119 124 128 131 133 134 136 137 138 139 140 141 141 142 142 143 142 141 139 134 130 123 116 111 105 99 93 92 94 97 102 108 112 115 118 121 123 126 128 131 133 135 137 139 141 143 145 147 148 150 151 152 153 152 152 151 151 147 147 144 141 137 132 123 115 107 101 97 93 93 96 101 108 115 121 128 138 146 151 155 158 160 161 161 162 161
140 137 134 125 117 109 103 102 111 120 127 131 134 136 138 139 139 140 141 142 143 143 144 144 144 143 142 139 135 131 125 118 112 106 101 96 93 95 98 102 108 113 116 119 120 125 128 129 131 133 136 138 141 144 146 148 150 151 153 153 154 155 155 154 154 152 150 148 146 144 140 134 126 117 110 106 101 97 94 97 102 110 118 123 129 136 145 151 156 159 161 163 164 164 164
142 140 138 129 121 114 107 103 113 123 127 133 136 139 141 142 142 143 143 144 145 145 145 145 145 144 142 139 136 132 125 119 114 108 103 99 95 96 99 103 108 113 116 118 123 126 129 131 132 138 140 143 145 147 149 151 152 154 155 156 156 157 157 157 156 155 151 150 148 146 142 137 128 120 114 110 105 101 97 94 102 110 119 126 130 136 143 150 156 161 164 165 166 166 166
146 145 141 135 126 119 111 108 114 125 129 136 139 141 143 144 145 146 147 147 147 147 147 147 147 146 144 141 138 133 128 121 116 111 105 101 97 98 100 103 108 113 117 120 124 128 131 132 136 140 142 145 147 149 151 152 155 156 157 158 159 159 159 159 159 157 155 153 151 149 144 139 132 124 118 114 110 106 101 96 103 111 119 129 132 137 142 150 158 162 166 167 168 169 168
148 146 145 141 132 124 118 112 116 125 133 138 141 143 145 147 148 150 151 151 151 151 150 150 149 148 146 144 140 136 131 125 120 114 109 104 99 98 101 103 108 114 118 121 125 129 132 135 138 141 144 147 149 151 153 155 156 158 159 160 160 160 161 161 160 160 158 156 154 151 148 142 135 128 123 119 115 110 103 98 105 112 120 130 135 139 144 151 158 163 167 169 171 172 172
151 150 147 145 137 130 125 118 119 123 135 140 143 146 148 150 152 153 153 154 154 154 154 153 152 151 149 147 144 139 134 129 124 119 113 109 104 101 102 104 108 113 119 122 126 130 134 137 140 143 146 148 151 153 155 157 158 160 161 162 162 162 163 163 162 162 160 159 157 155 152 147 141 134 129 124 119 114 108 99 104 113 120 129 137 141 146 151 157 163 169 172 174 175 175
154 153 151 149 142 134 128 123 122 128 137 142 145 148 151 153 155 155 156 157 157 157 156 156 154 153 152 150 147 143 138 133 129 124 119 114 110 107 103 104 108 113 119 124 128 131 135 139 142 145 147 150 152 154 156 158 160 161 163 164 165 165 165 165 164 164 163 162 161 159 156 151 146 141 136 129 124 120 112 103 99 113 122 129 138 145 149 152 157 162 170 174 177 178 178
157 156 154 152 147 140 133 129 132 137 142 145 148 151 153 156 157 158 159 159 160 160 159 158 157 156 155 154 151 148 143 138 134 130 124 120 116 113 111 104 108 113 118 124 129 133 137 140 143 147 149 151 154 156 158 160 162 163 165 166 168 168 168 168 167 166 165 164 164 163 161 157 151 147 142 134 128 125 116 108 100 111 122 129 137 145 151 154 158 163 170 174 177 180 181
160 159 158 156 152 146 139 135 139 143 147 149 151 153 156 158 160 161 162 162 162 162 162 161 161 159 158 157 155 153 149 144 139 135 131 126 122 119 116 110 108 112 118 125 130 135 138 142 145 149 149 153 155 158 160 162 164 165 167 169 169 170 170 170 170 169 168 168 167 166 164 160 156 154 148 139 134 128 120 112 103 111 122 131 138 145 152 156 160 164 169 173 177 180 182
163 162 161 159 156 151 144 141 146 151 153 154 155 157 159 161 163 164 165 165 165 165 165 164 164 163 162 161 159 157 154 151 146 142 137 132 129 125 122 115 107 111 118 125 131 136 140 144 147 150 153 155 157 160 161 163 165 167 169 171 172 172 172 173 172 172 171 170 170 169 168 166 164 161 155 145 139 133 126 117 108 108 120 129 137 146 151 157 162 165 169 172 176 180 183
166 166 164 163 161 156 149 147 151 155 157 158 160 161 162 164 166 167 168 168 168 168 168 168 167 166 165 164 162 161 158 156 152 148 144 140 136 132 128 121 113 110 118 126 132 137 141 145 149 152 155 157 160 162 164 165 167 170 172 173 174 175 176 176 176 175 175 174 173 172 171 170 170 167 161 153 146 139 132 124 115 106 114 126 135 145 152 158 162 165 169 172 175 179 183
170 169 169 167 165 161 154 153 156 159 161 162 164 165 167 167 168 169 170 171 171 172 171 171 171 169 168 167 166 164 163 161 157 154 151 147 143 139 134 127 120 114 115 123 130 137 142 147 151 155 158 160 163 165 167 168 170 172 174 176 177 178 179 179 179 179 178 177 177 176 176 176 175 172 167 160 153 146 138 130 122 114 109 122 131 142 152 158 162 165 169 172 175 177 181
173 172 172 170 168 166 160 158 160 163 165 166 168 169 170 171 171 172 173 173 174 174 174 173 173 173 172 171 170 168 167 165 162 160 158 155 152 146 140 134 127 122 115 119 128 134 142 148 153 157 160 163 166 168 170 171 173 175 178 179 181 182 183 182 183 182 182 182 182 181 181 180 179 177 173 166 158 150 143 136 128 119 110 117 127 138 148 156 162 165 168 171 174 176 179
176 175 174 173 172 170 166 163 164 167 168 170 171 172 173 174 174 175 175 176 176 176 176 176 176 176 176 175 174 172 169 169 169 168 166 163 160 154 147 141 135 130 125 117 122 131 141 148 154 159 163 167 170 172 174 176 178 180 182 183 185 186 187 188 189 187 187 188 188 187 186 184 183 182 179 172 165 158 148 141 134 126 119 111 122 133 144 152 158 164 168 171 173 175 177
